# Created by Octave 5.2.0. Sat May 01 20:29:26 2021 CEST <luialza1@EVIRL-039-OK>
# name: errors
# type: matrix
# rows: 9
# columns: 5
 1 75.4667 75.4666 75.466 75.466
 2 61.8667 62.53 62.15 62.1166
 5 31.067 30.51667 30.483 30.933
 10 8.9667 8.71667 8.4 8.45
 20 4.2167 3.633 3.1 3.25
 50 3.467 2.533 2.5 2.46
 100 3.4334 2.9667 2.4 2.5166
 200 3.4334 3.6 2.75 2.6333
 500 3.4334 4.633 2.8167 2.65





