# Created by Octave 5.2.0. Mon May 03 18:14:32 2021 CEST <luialza1@EVIRL-039-OK>
# name: errors
# type: matrix
# rows: 9
# columns: 3
 1 74.633 75.466
 2 61.767 62.15
 5 30 30.483
 10 8.083 8.4
 20 3.183 3.1
 50 2.617 2.5
 100 2.683 2.4
 200 2.9 2.75
 500 2.933 2.8167













