# Created by Octave 5.2.0. Sun May 01 14:16:32 2021 CEST <luialza1@EVIRL-039-OK>
# name: errors
# type: matrix
# rows: 9
# columns: 2
 1 75.466
 2 62.15
 5 30.483
 10 8.4
 20 3.1
 50 2.5
 100 2.4
 200 2.75
 500 2.8167













