T = [0 0 0 .576; 0 0 1 .008; 0 1 0 .144; 0 1 1 .072;

1 0 0 .064; 1 0 1 .012; 1 1 0 .016; 1 1 1
.108];
>> T
T =

   0.00000   0.00000   0.00000   0.57600
   0.00000   0.00000   1.00000   0.00800
   0.00000   1.00000   0.00000   0.14400
   0.00000   1.00000   1.00000   0.07200
   1.00000   0.00000   0.00000   0.06400
   1.00000   0.00000   1.00000   0.01200
   1.00000   1.00000   0.00000   0.01600
   1.00000   1.00000   1.00000   0.10800

>> Pd1 = sum(T(find(T(:,1)==1), end))

Pd1 =  0.20000
>> Pd1c1 = T(find(T(:,1)==1 & find(T(:,2)==1), end)

>> Pd1c1 = T(find(T(:,1)==1 & T(:,2)==1), end)
Pd1c1 =

   0.016000
   0.108000

>> Pd1c1 = sum(T(find(T(:,1)==1 & T(:,2)==1), end))
Pd1c1 =  0.12400
>> Pc1 = T(find(T(:,2)==1), end)
Pc1 =

   0.144000
   0.072000
   0.016000
   0.108000

>> Pc1 = sum(T(find(T(:,2)==1), end))
Pc1 =  0.34000
>> Pd1Dc1 = Pd1c1 / Pc1
Pd1Dc1 =  0.36471
>> Pd1
Pd1 =  0.20000
>> Pd1c1
Pd1c1 =  0.12400
>> Pc1Dd1 = Pd1c1 / pd1
error: 'pd1' undefined near line 1 column 18
>> Pc1Dd1 = Pd1c1 / Pd1
Pc1Dd1 =  0.62000